image: depa_2fl.pgm
resolution: 0.030000
origin: [0.00, 0.00, 0.000000]
negate: 0
occupied_thresh: 0.65
free_thresh: 0.196

